100000
62 218 242 398 242
5
10
0 0
0 1
0 2
1 0
1 1
2 0
3 1
3 3
4 1
4 4
1
2
8
0 1 1024 1 1 0
0 0 2600 1 1 0
0 1 2048 1 0 1
0 2 1700 1 0 1
0 2 1000 0 1 0
1 3 1500 1 1 0
0 4 1480 1 0 1
0 4 1800 1 0 1
13
0 262144 262144 0 0 0
1 3014656 0 1146880 0 0
0 67108864 524288 0 0 0
2 0 0 0 851968 184680448
0 262144 262144 0 0 0
0 65536 65536 0 0 0
0 49152 49152 0 0 0
0 67108864 524288 0 0 0
2 0 0 0 983040 218234880
2 0 0 0 983040 218234880
0 524288 524288 0 0 0
0 262144 262144 0 0 0
0 2097152 524288 0 0 0
15
0 0 1
0 1 6
1 6 2
0 2 7
0 7 5
0 5 9
0 7 4
0 4 5
0 1 10
0 10 3
1 3 8
0 8 5
0 5 12
0 12 11
0 10 8
6
0 1 2 3 4 5